2.890000000000000208e-03
2.890000000000000208e-03
2.890000000000000208e-03
2.890000000000000208e-03
2.890000000000000208e-03
2.890000000000000208e-03
2.890000000000000208e-03
2.890000000000000208e-03
2.890000000000000208e-03
2.890000000000000208e-03
2.890000000000000208e-03
2.890000000000000208e-03
2.890000000000000208e-03
2.890000000000000208e-03
2.890000000000000208e-03
2.890000000000000208e-03
2.890000000000000208e-03
2.890000000000000208e-03
2.890000000000000208e-03
2.890000000000000208e-03
2.890000000000000208e-03
2.890000000000000208e-03
2.890000000000000208e-03
2.890000000000000208e-03
2.890000000000000208e-03
2.890000000000000208e-03
2.890000000000000208e-03
2.890000000000000208e-03
2.890000000000000208e-03
2.890000000000000208e-03
2.890000000000000208e-03
2.890000000000000208e-03
2.890000000000000208e-03
2.890000000000000208e-03
2.890000000000000208e-03
2.890000000000000208e-03
2.890000000000000208e-03
2.890000000000000208e-03
2.890000000000000208e-03
2.890000000000000208e-03
2.890000000000000208e-03
2.890000000000000208e-03
2.890000000000000208e-03
2.890000000000000208e-03
2.890000000000000208e-03
2.890000000000000208e-03
2.890000000000000208e-03
2.890000000000000208e-03
2.890000000000000208e-03
2.890000000000000208e-03
2.890000000000000208e-03
2.890000000000000208e-03
2.890000000000000208e-03
2.890000000000000208e-03
2.890000000000000208e-03
2.890000000000000208e-03
