2.122524772612929995e-03
2.026446800323225116e-03
2.072849453209974629e-03
2.106816404829176762e-03
2.178018271298794509e-03
2.132282632680278060e-03
1.899891368683624768e-03
1.962854762672884903e-03
2.158074207034539962e-03
2.268280092327560216e-03
2.209815325709651047e-03
2.098220471902027904e-03
2.065182180398732453e-03
2.127498669090256960e-03
2.160680873293497305e-03
2.291030572227397734e-03
2.228467755726478393e-03
2.150834125454728976e-03
2.066521291125892040e-03
2.018239007068828392e-03
2.284606230122685887e-03
2.379088968961219110e-03
2.203631994598758987e-03
2.326871416146234547e-03
2.360300510449535576e-03
2.656257954816420349e-03
2.726124260945744088e-03
2.761488476552391175e-03
2.666629863259079893e-03
2.754879627597876888e-03
2.793210623598594601e-03
2.980683649703868860e-03
2.858291229374402068e-03
2.570140547704835316e-03
2.747674065540947532e-03
2.707981964753003110e-03
2.572680709945491216e-03
2.410509458526839243e-03
2.095431240516429285e-03
1.965239694934081769e-03
2.074529335003663134e-03
1.974756090938872138e-03
2.125027718492978907e-03
2.199116458054871468e-03
2.019337081182209347e-03
1.919543872427739543e-03
2.152218638793409675e-03
2.126301294714998645e-03
2.187998814650782189e-03
2.118141796430583843e-03
2.188024747442346950e-03
2.028714128884904523e-03
1.936147849232659496e-03
2.089047404914349138e-03
2.092200547582577161e-03
2.332407345741249315e-03
2.235664763414143153e-03
2.033648705468198929e-03
